10ÂÀÐ 5473575 1109669
10ÒÐÌ 5468331 1109316
11ÂÀÐ 5477889 1105734
12ÂÀÐ 0 0
12ÒÐÌ 5478552.6 1111424.2
14ÂÀÐ 5481993.66 1104098.86
15ÒÐÌ 5472329.33 1096950.89
17ÂÀÐ 5477757.11 1102910.89
1ÂÀÐ 0 0
1ÌËÈ 5491391.44 1110013.27
1ÑÄÃ 0 0
1ÒÁÑ 5468400 1115274
1ÒÐÌ 5468545.95 1104172.09
2003 5475269 1113047
2007 5472305 1110500
2008 5472919.37 1110519.33
2009 5474236 1110392
2010 5471835 1109339
2011 5473099 1109837
2012 5472541 1108667
2013 5473557 1108369
2014 5474372 1108802
2015 5475739 1112551
2016 5473701 1111101
2017 5474574 1111281
2018 5474973 1112100
2019 5474972 1110423
2020 5476123 1110352
2021 5474706 1109665
2022 5476045 1109765
2023 5476881 1109862
2024 5477050 1109222
2025 5475215 1108958
2026 5476364 1108817
2028Ã 0 0
2029 5475663 1107991
2030 5473838 1107452
2031 5474886 1107278
2032Ã 0 0
2036 5469394.39 1114844.42
2038Ë1 5470715.83 1115501.15
2040Ã 0 0
2042Ã 0 0
2045Ã 0 0
2046Ã 0 0
2047Ã 0 0
2048Ã 0 0
2049 0 0
2050 5472832.7 1112385.05
2051 5474048 1111905
2052 5473349 1111849
2053 5474369 1112792
2054 5473354 1113875
2055Ã 0 0
2056Ã 0 0
2057Ã 0 0
2058 5477302 1106565
2059Ã 0 0
2060Ã 0 0
2061 5477812 1104887
2062Ã 0 0
2063Ã 0 0
2064Ã 0 0
2065Ã 0 0
2066Ã 0 0
2066Ë1 5475757 1104279
2067Ã 0 0
2068Ã 0 0
2069Ã 0 0
2071Ã 0 0
2072Ã 0 0
2072Ë1 5480423 1103268
2073Ã 0 0
2074Ã 0 0
2075 5480084 1101767
2076 5478382 1102745
2077Ã 0 0
2078Ã 0 0
2079Ã 0 0
2080Ã 0 0
2081 5481804 1099929
2082Ã 0 0
2083 5484045 1098958
2084 5482698.55 1097920.68
2085Ã 0 0
2086Ã 0 0
2087 5482308.5 1102412.08
2088Ã 0 0
2095Ã 5469084.1 1105841.97
2097Ã 5467266.99 1109454.96
2098Ã 5467911.43 1109358.26
2099Ã 5468397.96 1108516.69
2100Ã 5467692.16 1108292.45
2101Ã 5468047.1 1105469.49
2102Ã 0 0
2103Ã 5469305.44 1107206.04
2104Ã 5468411.22 1107279.69
2105Ã 5467554 1106818
2105Ë1 5467565.83 1108025.81
2106Ã 5466414 1106330
2108Ã 5469876.92 1106351.17
2109Ã 5470403.01 1105425.9
2110Ã 5467001.15 1108122.85
2112Ã 5466106.73 1103770.77
2113Ã 5466896.49 1103706.63
2114Ã 0 0
2115Ã 5467871.03 1104023.7
2116Ã 5465557.58 1104357.39
2117Ã 5466615.89 1103097.89
2118Ã 5470064.38 1103453.38
2119Ã 5468910.39 1101323.37
2120Ã 0 0
2120Ë1 0 0
2121Ã 5465833 1105505
2123Ã 5466637.88 1104846.4
2124Ã 5469262.3 1103320.99
2125Ã 5465708 1106670
2126Ã 5464794.38 1105919.69
2126Ë1 5464604.03 1107136.82
2127Ã 5465259.61 1107199.99
2128Ã 5466083 1107287
2129Ã 5466286 1108656
2129Ë1 5465462.74 1108260.47
2134Ã 0 0
2140Ã 5469661.91 1104829.2
2141Ã 5468372.27 1104815.57
2141ÃÑ1 5468372.71 1104815.81
2142Ã 5466913 1107070
2143Ã 5467400.27 1102753.76
2143Ç1 5467400.27 1102753.76
2144Ã 5468443 1101550
2145Ã 5468329.7 1103372.12
2201Ã 0 0
2221Ã 0 0
2337 5472779 1111037
23ÂÀÐ 5480182 1102569
2500Ã 0 0
2501 5468986.22 1108836.98
2502Ã 5467415.4 1105457.82
2503Ã 0 0
2504Ã 5467574.88 1104911.31
2509Ã 5466350.03 1114843.25
2511Ã 0 0
2512Ã 0 0
2516Ã 0 0
2673Ã 0 0
2673Ë1 5479140.78 1108549.34
2690Ã 0 0
26ÂÀÐ 0 0
28ÑÄÃ 5462302 1094239
2908Ã 0 0
2909Ã 0 0
2932Ã 0 0
2933Ã 0 0
2935Ã 0 0
2936Ã 0 0
2936ÃÑ1 0 0
2ÂÀÐ 5469758.79 1101961.86
2ÒÐÌ 5475409 1102070
30ÒÐÌ 5464971 1106541
31ÒÐÌ 5491201.69 1091130.56
32ÒÐÌ 5474717.35 1090776.67
34ÒÐÌ 5468233.02 1093194.69
35ÒÐÌ 5490788 1088954
36ÒÐÌ 5487338.25 1094770.53
36ÒÐÌ1 5487545.75 1094815.69
38ÒÐÌ 5465119.02 1099824.55
39ÒÐÌ 5470477.51 1090217.26
3ÂÀÐ 0 0
3ÒÐÌ 5465012 1110801
4ÂÀÐ 5475386.85 1106682.69
4ÏÑÑ 5484222 1098602
4ÒÐÌ 5470183.52 1111155.91
51ÞÑÄ 0 0
52ÞÑÄ 0 0
5ÂÀÐ 5475600.33 1111232.54
6ÂÀÐ 5479954 1111028
6ÒÐÌ 5479619 1099774
7ÂÀÐ 5473750 1113140
7ÒÐÌ 5483429 1099555
8ÂÀÐ 5467661 1114038
9ÂÀÐ 5477998 1113091
9ÒÐÌ 5485662.11 1092398.47
